6734
6808
6982
6688
6830
6692
6622
6596
6664
6392
6862
6498
7016
6468
6744
6578
6390
6760
6716
6876
7110
6840
6974
6370
6662
6740
6502
6628
6722
6590
6776
6494
6680
6896
6588
6400
6712
6704
6392
6728
6640
6818
6602
6782
6814
6690
6668
6912
6960
6816
6562
6784
6674
6882
6416
6760
6822
6982
6750
6616
6726
6874
6788
6552
6706
6852
6838
6950
6724
6856
7016
6514
6836
6838
6982
6580
6536
6700
6990
6766
6734
7046
6816
6812
6976
6736
7052
6940
6798
6688
6666
6740
6350
6818
6722
6262
6452
6580
6520
6766
6932
6394
7008
6688
6696
6736
6858
6932
6576
6276
7086
6704
6388
6844
6486
6318
6634
6724
6638
6846
6746
6940
6974
6976
6574
6700
6866
6712
6620
6648
6814
6336
6828
6582
6528
6684
6658
6842
6886
6824
6880
6736
6822
7004
6610
6944
6918
6656
6476
6832
6872
6714
6542
6756
6752
6588
6742
6744
6832
6940
6640
6902
6986
6648
6812
6826
6948
6926
6924
7058
6798
6748
6624
6630
6910
6756
6890
6636
6702
6988
6728
7010
6654
6644
6970
6584
6688
6762
6794
6648
6794
6812
6664
6518
6772
6484
6514
6862
6662
6854
6730
6874
6688
6784
6776
6514
6650
6674
6566
6658
6824
6688
6400
6904
6988
6886
6490
6856
6886
6626
6936
6856
6896
6546
6866
6544
6266
6810
6836
6654
6858
7068
6782
6778
6744
6726
6824
6932
6850
6640
6666
6502
6564
6642
6992
6970
6324
6754
6932
6836
6916
6524
6674
6666
6638
6644
6700
6654
6688
6656
6848
6380
6738
6800
6850
6718
6620
6676
6938
6958
6790
6602
6806
6866
6778
7050
6348
6966
6856
6688
6866
6892
6592
6744
6876
6660
6954
6408
6896
6660
6530
6290
6808
6864
6910
7114
6792
6662
6654
6700
6926
6604
6668
6410
6764
6840
6880
6452
7034
6962
6904
6716
6726
6744
6734
6372
6696
6798
6470
6894
6550
6746
7008
7136
6684
6886
6558
6666
6864
6998
6818
7058
6916
6418
6644
6752
6522
6992
6946
6722
6748
6622
6840
6916
6766
6766
6790
6766
6754
6772
6652
6746
6592
6742
6592
7094
6872
6798
6660
6778
6734
6758
6780
7000
6738
6628
6872
6838
6754
6760
6428
6856
6838
6604
6654
6774
6846
6976
6868
7064
6752
6782
6534
6704
6690
7126
6756
6962
6790
7032
6594
6426
6728
7044
6494
6854
6474
6474
6906
6728
6940
6720
6924
6838
6770
6518
6730
6934
6678
6924
6634
6562
6674
6756
6790
6658
6776
6782
6892
6994
6686
6884
6562
6982
6826
6920
6814
6728
6686
6928
6826
6360
6512
6776
6988
6558
6626
7030
6744
6662
6340
6850
6644
6618
6614
6706
6472
7012
6478
6600
6648
6982
6970
6766
6566
6828
6914
6820
6524
7030
6634
6748
6750
6818
6680
6608
6686
6474
6940
6696
6866
6876
6804
6768
7014
6534
6884
6786
6658
6430
6668
6480
7016
6568
6738
6610
6694
7052
6664
6640
6528
6726
6942
6740
6916
6882
6422
6872
6696
6590
